crossing time (s)	slope (V/s)	crossing number
281474976710655.000000	-52.425568	631	0.000000
281474976710655.000000	-65.825256	632	0.000000
281474976710655.000000	-48.747402	633	0.000000
281474976710655.000000	-51.803932	634	0.000000
281474976710655.000000	-49.101360	635	0.000000
281474976710655.000000	-48.875957	636	0.000000
281474976710655.000000	-48.326134	637	0.000000
281474976710655.000000	-32.018623	638	0.000000
281474976710655.000000	-53.215931	639	0.000000
281474976710655.000000	-49.552643	640	0.000000
281474976710655.000000	-46.840736	641	0.000000
281474976710655.000000	-52.843891	642	0.000000
281474976710655.000000	-51.730835	643	0.000000
281474976710655.000000	-64.374992	644	0.000000
281474976710655.000000	-48.345417	645	0.000000
281474976710655.000000	-40.170895	646	0.000000
281474976710655.000000	-64.440247	647	0.000000
281474976710655.000000	-39.611618	648	0.000000
281474976710655.000000	-48.428894	649	0.000000
281474976710655.000000	-39.515247	650	0.000000
281474976710655.000000	-48.270039	651	0.000000
281474976710655.000000	-46.940670	652	0.000000
281474976710655.000000	-47.797192	653	0.000000
281474976710655.000000	-46.643196	654	0.000000
281474976710655.000000	-47.134979	655	0.000000
281474976710655.000000	-46.650810	656	0.000000
281474976710655.000000	-45.764160	657	0.000000
281474976710655.000000	-46.814217	658	0.000000
281474976710655.000000	-48.094040	659	0.000000
281474976710655.000000	-44.230072	660	0.000000
281474976710655.000000	-47.913898	661	0.000000
281474976710655.000000	-61.106441	662	0.000000
281474976710655.000000	-52.610432	663	0.000000
281474976710655.000000	-45.570431	664	0.000000
281474976710655.000000	-51.753399	665	0.000000
281474976710655.000000	-46.630093	666	0.000000
281474976710655.000000	-46.742264	667	0.000000
281474976710655.000000	-37.987762	668	0.000000
281474976710655.000000	-46.040524	669	0.000000
281474976710655.000000	-69.900246	670	0.000000
281474976710655.000000	-35.170002	671	0.000000
281474976710655.000000	-39.490105	672	0.000000
281474976710655.000000	-50.649632	673	0.000000
281474976710655.000000	-49.798634	674	0.000000
281474976710655.000000	-35.369370	675	0.000000
281474976710655.000000	-44.987446	676	0.000000
281474976710655.000000	-35.207798	677	0.000000
281474976710655.000000	-43.998894	678	0.000000
281474976710655.000000	-45.103546	679	0.000000
281474976710655.000000	-49.693520	680	0.000000
281474976710655.000000	-44.486443	681	0.000000
281474976710655.000000	-42.183487	682	0.000000
281474976710655.000000	-48.651989	683	0.000000
281474976710655.000000	-57.384483	684	0.000000
281474976710655.000000	-45.373016	685	0.000000
281474976710655.000000	-42.167122	686	0.000000
281474976710655.000000	-43.916489	687	0.000000
281474976710655.000000	-42.407185	688	0.000000
281474976710655.000000	-47.992485	689	0.000000
281474976710655.000000	-41.212917	690	0.000000
281474976710655.000000	-43.610909	691	0.000000
281474976710655.000000	-36.136005	692	0.000000
281474976710655.000000	-34.813606	693	0.000000
281474976710655.000000	-41.393570	694	0.000000
281474976710655.000000	-43.397228	695	0.000000
281474976710655.000000	-42.772362	696	0.000000
281474976710655.000000	-42.886627	697	0.000000
281474976710655.000000	-42.989498	698	0.000000
281474976710655.000000	-35.638653	699	0.000000
281474976710655.000000	-35.715351	700	0.000000
281474976710655.000000	-47.053776	701	0.000000
281474976710655.000000	-43.902466	702	0.000000
281474976710655.000000	-35.236652	703	0.000000
281474976710655.000000	-42.229164	704	0.000000
281474976710655.000000	-42.051529	705	0.000000
281474976710655.000000	-46.484344	706	0.000000
281474976710655.000000	-46.511635	707	0.000000
281474976710655.000000	-39.677399	708	0.000000
281474976710655.000000	-42.904655	709	0.000000
281474976710655.000000	-39.840000	710	0.000000
281474976710655.000000	-41.522163	711	0.000000
281474976710655.000000	-34.388874	712	0.000000
281474976710655.000000	-41.610001	713	0.000000
281474976710655.000000	-50.945835	714	0.000000
281474976710655.000000	-32.683178	715	0.000000
281474976710655.000000	-45.279789	716	0.000000
281474976710655.000000	-36.320423	717	0.000000
281474976710655.000000	-34.276890	718	0.000000
281474976710655.000000	-41.982365	719	0.000000
281474976710655.000000	-44.444511	720	0.000000
281474976710655.000000	-36.246750	721	0.000000
281474976710655.000000	-40.938690	722	0.000000
281474976710655.000000	-41.101673	723	0.000000
281474976710655.000000	-41.390518	724	0.000000
281474976710655.000000	-40.768681	725	0.000000
281474976710655.000000	-36.423218	726	0.000000
281474976710655.000000	-40.650616	727	0.000000
281474976710655.000000	-40.283417	728	0.000000
281474976710655.000000	-35.586647	729	0.000000
281474976710655.000000	-48.948803	730	0.000000
281474976710655.000000	-35.212414	731	0.000000
281474976710655.000000	-37.474976	732	0.000000
281474976710655.000000	-33.758064	733	0.000000
281474976710655.000000	-37.737076	734	0.000000
281474976710655.000000	-42.463928	735	0.000000
281474976710655.000000	-39.307789	736	0.000000
281474976710655.000000	-37.994102	737	0.000000
281474976710655.000000	-32.845150	738	0.000000
281474976710655.000000	-40.909863	739	0.000000
281474976710655.000000	-33.036068	740	0.000000
281474976710655.000000	-40.446953	741	0.000000
281474976710655.000000	-37.355270	742	0.000000
281474976710655.000000	-52.072819	743	0.000000
281474976710655.000000	-34.549328	744	0.000000
281474976710655.000000	-35.809032	745	0.000000
281474976710655.000000	-39.084080	746	0.000000
281474976710655.000000	-39.541534	747	0.000000
281474976710655.000000	-43.375656	748	0.000000
281474976710655.000000	-39.096794	749	0.000000
281474976710655.000000	-40.462933	750	0.000000
281474976710655.000000	-34.205585	751	0.000000
281474976710655.000000	-34.299339	752	0.000000
281474976710655.000000	-47.983925	753	0.000000
281474976710655.000000	-37.237774	754	0.000000
281474976710655.000000	-42.833767	755	0.000000
281474976710655.000000	-36.696415	756	0.000000
281474976710655.000000	-40.072403	757	0.000000
281474976710655.000000	-39.863667	758	0.000000
281474976710655.000000	-36.277496	759	0.000000
281474976710655.000000	-42.696995	760	0.000000
281474976710655.000000	-31.366304	761	0.000000
281474976710655.000000	-38.371906	762	0.000000
281474976710655.000000	-32.120018	763	0.000000
281474976710655.000000	-33.806942	764	0.000000
281474976710655.000000	-38.457977	765	0.000000
281474976710655.000000	-36.648563	766	0.000000
281474976710655.000000	-51.349651	767	0.000000
281474976710655.000000	-44.571915	768	0.000000
281474976710655.000000	-31.079533	769	0.000000
281474976710655.000000	-33.780956	770	0.000000
281474976710655.000000	-49.152771	771	0.000000
281474976710655.000000	-37.784714	772	0.000000
281474976710655.000000	-51.937855	773	0.000000
281474976710655.000000	-38.260555	774	0.000000
281474976710655.000000	-39.358284	775	0.000000
281474976710655.000000	-37.702690	776	0.000000
281474976710655.000000	-39.354633	777	0.000000
281474976710655.000000	-30.562782	778	0.000000
281474976710655.000000	-32.173923	779	0.000000
281474976710655.000000	-35.740547	780	0.000000
281474976710655.000000	-47.309860	781	0.000000
281474976710655.000000	-39.069107	782	0.000000
281474976710655.000000	-39.737892	783	0.000000
281474976710655.000000	-35.689354	784	0.000000
281474976710655.000000	-41.092857	785	0.000000
281474976710655.000000	-40.610596	786	0.000000
281474976710655.000000	-36.394405	787	0.000000
281474976710655.000000	-38.884186	788	0.000000
281474976710655.000000	-36.117828	789	0.000000
281474976710655.000000	-41.749382	790	0.000000
281474976710655.000000	-47.149555	791	0.000000
281474976710655.000000	-38.371025	792	0.000000
281474976710655.000000	-39.413929	793	0.000000
281474976710655.000000	-45.456184	794	0.000000
281474976710655.000000	-36.039608	795	0.000000
281474976710655.000000	-37.779293	796	0.000000
281474976710655.000000	-34.553043	797	0.000000
281474976710655.000000	-40.555706	798	0.000000
281474976710655.000000	-36.212101	799	0.000000
281474976710655.000000	-30.966167	800	0.000000
281474976710655.000000	-41.773304	801	0.000000
281474976710655.000000	-40.274281	802	0.000000
281474976710655.000000	-41.136768	803	0.000000
281474976710655.000000	-40.447968	804	0.000000
281474976710655.000000	-37.578938	805	0.000000
281474976710655.000000	-30.978855	806	0.000000
281474976710655.000000	-37.831482	807	0.000000
281474976710655.000000	-37.835423	808	0.000000
281474976710655.000000	-31.320412	809	0.000000
281474976710655.000000	-40.413502	810	0.000000
281474976710655.000000	-38.880627	811	0.000000
281474976710655.000000	-32.745548	812	0.000000
281474976710655.000000	-40.462803	813	0.000000
281474976710655.000000	-43.009926	814	0.000000
281474976710655.000000	-37.345333	815	0.000000
281474976710655.000000	-35.281212	816	0.000000
281474976710655.000000	-31.120361	817	0.000000
281474976710655.000000	-39.949593	818	0.000000
281474976710655.000000	-35.373497	819	0.000000
281474976710655.000000	-32.482738	820	0.000000
281474976710655.000000	-47.052170	821	0.000000
281474976710655.000000	-38.145302	822	0.000000
281474976710655.000000	-46.032032	823	0.000000
281474976710655.000000	-37.246262	824	0.000000
281474976710655.000000	-43.168816	825	0.000000
281474976710655.000000	-33.013493	826	0.000000
281474976710655.000000	-45.716091	827	0.000000
281474976710655.000000	-32.434307	828	0.000000
281474976710655.000000	-36.983959	829	0.000000
281474976710655.000000	-42.437260	830	0.000000
281474976710655.000000	-40.352757	831	0.000000
281474976710655.000000	-36.413696	832	0.000000
281474976710655.000000	-36.782688	833	0.000000
281474976710655.000000	-36.405914	834	0.000000
281474976710655.000000	-35.128212	835	0.000000
281474976710655.000000	-29.345377	836	0.000000
281474976710655.000000	-32.419918	837	0.000000
281474976710655.000000	-29.053932	838	0.000000
281474976710655.000000	-31.033770	839	0.000000
281474976710655.000000	-39.194870	840	0.000000
281474976710655.000000	-32.440807	841	0.000000
281474976710655.000000	-35.852791	842	0.000000
281474976710655.000000	-34.792782	843	0.000000
281474976710655.000000	-35.713421	844	0.000000
281474976710655.000000	-32.031277	845	0.000000
281474976710655.000000	-38.814236	846	0.000000
281474976710655.000000	-36.177219	847	0.000000
281474976710655.000000	-41.553497	848	0.000000
281474976710655.000000	-32.092167	849	0.000000
281474976710655.000000	-36.994728	850	0.000000
281474976710655.000000	-36.179024	851	0.000000
281474976710655.000000	-35.926487	852	0.000000
281474976710655.000000	-33.967785	853	0.000000
281474976710655.000000	-33.560062	854	0.000000
281474976710655.000000	-35.804253	855	0.000000
281474976710655.000000	-35.728584	856	0.000000
281474976710655.000000	-35.683369	857	0.000000
281474976710655.000000	-35.614292	858	0.000000
281474976710655.000000	-35.922581	859	0.000000
281474976710655.000000	-33.208134	860	0.000000
281474976710655.000000	-35.683830	861	0.000000
281474976710655.000000	-35.490013	862	0.000000
281474976710655.000000	-31.406109	863	0.000000
281474976710655.000000	-36.301170	864	0.000000
281474976710655.000000	-34.980629	865	0.000000
281474976710655.000000	-36.787270	866	0.000000
281474976710655.000000	-36.416901	867	0.000000
281474976710655.000000	-30.574497	868	0.000000
281474976710655.000000	-28.398853	869	0.000000
281474976710655.000000	-30.831362	870	0.000000
281474976710655.000000	-37.864483	871	0.000000
281474976710655.000000	-34.934986	872	0.000000
281474976710655.000000	-37.786148	873	0.000000
281474976710655.000000	-37.618034	874	0.000000
281474976710655.000000	-34.337818	875	0.000000
281474976710655.000000	-36.100674	876	0.000000
281474976710655.000000	-29.119141	877	0.000000
281474976710655.000000	-34.817398	878	0.000000
281474976710655.000000	-35.415138	879	0.000000
281474976710655.000000	-32.830502	880	0.000000
281474976710655.000000	-34.584831	881	0.000000
281474976710655.000000	-37.516056	882	0.000000
281474976710655.000000	-35.807289	883	0.000000
281474976710655.000000	-35.827644	884	0.000000
281474976710655.000000	-37.474705	885	0.000000
281474976710655.000000	-39.834106	886	0.000000
281474976710655.000000	-31.642244	887	0.000000
281474976710655.000000	-33.987984	888	0.000000
281474976710655.000000	-30.293116	889	0.000000
281474976710655.000000	-36.979115	890	0.000000
281474976710655.000000	-34.315948	891	0.000000
281474976710655.000000	-34.606674	892	0.000000
281474976710655.000000	-34.664833	893	0.000000
281474976710655.000000	-29.888720	894	0.000000
281474976710655.000000	-29.865105	895	0.000000
281474976710655.000000	-35.465282	896	0.000000
281474976710655.000000	-31.997568	897	0.000000
281474976710655.000000	-34.845531	898	0.000000
281474976710655.000000	-42.715755	899	0.000000
281474976710655.000000	-33.853252	900	0.000000
281474976710655.000000	-34.571560	901	0.000000
281474976710655.000000	-33.977089	902	0.000000
281474976710655.000000	-34.594803	903	0.000000
281474976710655.000000	-34.101467	904	0.000000
281474976710655.000000	-36.505676	905	0.000000
281474976710655.000000	-29.877903	906	0.000000
281474976710655.000000	-33.912270	907	0.000000
281474976710655.000000	-40.483154	908	0.000000
281474976710655.000000	-34.589802	909	0.000000
281474976710655.000000	-37.669552	910	0.000000
281474976710655.000000	-34.200813	911	0.000000
281474976710655.000000	-30.274698	912	0.000000
281474976710655.000000	-33.425144	913	0.000000
281474976710655.000000	-37.594910	914	0.000000
281474976710655.000000	-31.187727	915	0.000000
281474976710655.000000	-29.260633	916	0.000000
281474976710655.000000	-32.980495	917	0.000000
281474976710655.000000	-34.089233	918	0.000000
281474976710655.000000	-32.553547	919	0.000000
281474976710655.000000	-36.015545	920	0.000000
281474976710655.000000	-28.577091	921	0.000000
281474976710655.000000	-34.007675	922	0.000000
281474976710655.000000	-34.695702	923	0.000000
281474976710655.000000	-32.685486	924	0.000000
281474976710655.000000	-34.113472	925	0.000000
281474976710655.000000	-27.259918	926	0.000000
281474976710655.000000	-33.683662	927	0.000000
281474976710655.000000	-30.848936	928	0.000000
281474976710655.000000	-31.560207	929	0.000000
281474976710655.000000	-39.168785	930	0.000000
281474976710655.000000	-32.873856	931	0.000000
281474976710655.000000	-32.309200	932	0.000000
281474976710655.000000	-34.673676	933	0.000000
281474976710655.000000	-30.744463	934	0.000000
281474976710655.000000	-33.340401	935	0.000000
281474976710655.000000	-29.281553	936	0.000000
281474976710655.000000	-28.141451	937	0.000000
281474976710655.000000	-32.511120	938	0.000000
281474976710655.000000	-32.127346	939	0.000000
281474976710655.000000	-28.557001	940	0.000000
281474976710655.000000	-31.525164	941	0.000000
281474976710655.000000	-32.840042	942	0.000000
281474976710655.000000	-35.887199	943	0.000000
281474976710655.000000	-31.868622	944	0.000000
281474976710655.000000	-38.318172	945	0.000000
281474976710655.000000	-31.335846	946	0.000000
281474976710655.000000	-34.490940	947	0.000000
281474976710655.000000	-32.729874	948	0.000000
281474976710655.000000	-31.715860	949	0.000000
281474976710655.000000	-33.093018	950	0.000000
281474976710655.000000	-31.040159	951	0.000000
281474976710655.000000	-31.588127	952	0.000000
281474976710655.000000	-31.663822	953	0.000000
281474976710655.000000	-29.940735	954	0.000000
281474976710655.000000	-30.774284	955	0.000000
281474976710655.000000	-31.338190	956	0.000000
281474976710655.000000	-29.748764	957	0.000000
281474976710655.000000	-30.968735	958	0.000000
281474976710655.000000	-29.743618	959	0.000000
281474976710655.000000	-31.041641	960	0.000000
281474976710655.000000	-29.008844	961	0.000000
281474976710655.000000	-31.731894	962	0.000000
281474976710655.000000	-27.956079	963	0.000000
281474976710655.000000	-34.373672	964	0.000000
281474976710655.000000	-29.279665	965	0.000000
281474976710655.000000	-30.627844	966	0.000000
281474976710655.000000	-30.843103	967	0.000000
281474976710655.000000	-31.153181	968	0.000000
281474976710655.000000	-32.381798	969	0.000000
281474976710655.000000	-32.962196	970	0.000000
281474976710655.000000	-28.723423	971	0.000000
281474976710655.000000	-30.764288	972	0.000000
281474976710655.000000	-30.970064	973	0.000000
281474976710655.000000	-28.461622	974	0.000000
281474976710655.000000	-33.870903	975	0.000000
281474976710655.000000	-28.574707	976	0.000000
281474976710655.000000	-31.117424	977	0.000000
281474976710655.000000	-30.644775	978	0.000000
281474976710655.000000	-29.883638	979	0.000000
281474976710655.000000	-33.411224	980	0.000000
281474976710655.000000	-29.379715	981	0.000000
281474976710655.000000	-30.344135	982	0.000000
281474976710655.000000	-27.849089	983	0.000000
281474976710655.000000	-30.380692	984	0.000000
281474976710655.000000	-29.111712	985	0.000000
281474976710655.000000	-36.411350	986	0.000000
281474976710655.000000	-30.263306	987	0.000000
281474976710655.000000	-29.495432	988	0.000000
281474976710655.000000	-35.873459	989	0.000000
281474976710655.000000	-29.979214	990	0.000000
281474976710655.000000	-30.368431	991	0.000000
281474976710655.000000	-29.539272	992	0.000000
281474976710655.000000	-27.302452	993	0.000000
281474976710655.000000	-30.034775	994	0.000000
281474976710655.000000	-29.600286	995	0.000000
281474976710655.000000	-29.535975	996	0.000000
281474976710655.000000	-28.613348	997	0.000000
281474976710655.000000	-30.097471	998	0.000000
281474976710655.000000	-29.005610	999	0.000000
281474976710655.000000	-30.711189	1000	0.000000
281474976710655.000000	-27.152880	1001	0.000000
281474976710655.000000	-28.074038	1002	0.000000
281474976710655.000000	-27.551041	1003	0.000000
281474976710655.000000	-29.557520	1004	0.000000
281474976710655.000000	-28.672932	1005	0.000000
281474976710655.000000	-27.708769	1006	0.000000
281474976710655.000000	-28.750563	1007	0.000000
281474976710655.000000	-29.024628	1008	0.000000
281474976710655.000000	-26.175262	1009	0.000000
281474976710655.000000	-28.163624	1010	0.000000
281474976710655.000000	-26.760120	1011	0.000000
281474976710655.000000	-30.056925	1012	0.000000
281474976710655.000000	-28.924231	1013	0.000000
281474976710655.000000	-27.328054	1014	0.000000
281474976710655.000000	-30.236647	1015	0.000000
281474976710655.000000	-26.698137	1016	0.000000
281474976710655.000000	-27.447456	1017	0.000000
281474976710655.000000	-26.983639	1018	0.000000
281474976710655.000000	-29.256516	1019	0.000000
281474976710655.000000	-28.455690	1020	0.000000
281474976710655.000000	-26.654522	1021	0.000000
281474976710655.000000	-27.216894	1022	0.000000
281474976710655.000000	-28.950800	1023	0.000000
281474976710655.000000	-29.057180	1024	0.000000
281474976710655.000000	-27.369684	1025	0.000000
281474976710655.000000	-28.191694	1026	0.000000
281474976710655.000000	-23.940090	1027	0.000000
281474976710655.000000	-29.962891	1028	0.000000
281474976710655.000000	-28.688641	1029	0.000000
281474976710655.000000	-26.058319	1030	0.000000
281474976710655.000000	-25.581509	1031	0.000000
281474976710655.000000	-25.241781	1032	0.000000
281474976710655.000000	-25.835464	1033	0.000000
281474976710655.000000	-29.202156	1034	0.000000
281474976710655.000000	-27.111956	1035	0.000000
281474976710655.000000	-30.104757	1036	0.000000
281474976710655.000000	-27.471308	1037	0.000000
281474976710655.000000	-23.998178	1038	0.000000
281474976710655.000000	-26.596838	1039	0.000000
281474976710655.000000	-28.555351	1040	0.000000
281474976710655.000000	-29.593040	1041	0.000000
281474976710655.000000	-27.483198	1042	0.000000
281474976710655.000000	-25.983835	1043	0.000000
281474976710655.000000	-26.271486	1044	0.000000
281474976710655.000000	-27.090792	1045	0.000000
281474976710655.000000	-23.698116	1046	0.000000
281474976710655.000000	-26.942648	1047	0.000000
281474976710655.000000	-26.797298	1048	0.000000
281474976710655.000000	-25.835407	1049	0.000000
281474976710655.000000	-25.397968	1050	0.000000
281474976710655.000000	-29.117125	1051	0.000000
281474976710655.000000	-26.516582	1052	0.000000
281474976710655.000000	-26.068310	1053	0.000000
281474976710655.000000	-29.956045	1054	0.000000
281474976710655.000000	-24.852123	1055	0.000000
281474976710655.000000	-27.098995	1056	0.000000
281474976710655.000000	-26.798550	1057	0.000000
281474976710655.000000	-25.203295	1058	0.000000
281474976710655.000000	-26.559437	1059	0.000000
281474976710655.000000	-25.435814	1060	0.000000
281474976710655.000000	-28.727451	1061	0.000000
281474976710655.000000	-28.020779	1062	0.000000
281474976710655.000000	-25.986383	1063	0.000000
281474976710655.000000	-26.896894	1064	0.000000
281474976710655.000000	-26.207272	1065	0.000000
281474976710655.000000	-26.707079	1066	0.000000
281474976710655.000000	-24.581388	1067	0.000000
281474976710655.000000	-22.811464	1068	0.000000
281474976710655.000000	-26.115629	1069	0.000000
281474976710655.000000	-27.535786	1070	0.000000
281474976710655.000000	-25.455399	1071	0.000000
281474976710655.000000	-28.142725	1072	0.000000
281474976710655.000000	-24.216496	1073	0.000000
281474976710655.000000	-24.974730	1074	0.000000
281474976710655.000000	-26.494638	1075	0.000000
281474976710655.000000	-27.843826	1076	0.000000
281474976710655.000000	-25.880899	1077	0.000000
281474976710655.000000	-27.561710	1078	0.000000
281474976710655.000000	-26.110699	1079	0.000000
281474976710655.000000	-26.331989	1080	0.000000
281474976710655.000000	-24.654861	1081	0.000000
281474976710655.000000	-24.324753	1082	0.000000
281474976710655.000000	-25.449045	1083	0.000000
281474976710655.000000	-26.338926	1084	0.000000
281474976710655.000000	-25.152061	1085	0.000000
281474976710655.000000	-25.935724	1086	0.000000
281474976710655.000000	-26.308964	1087	0.000000
281474976710655.000000	-24.808453	1088	0.000000
281474976710655.000000	-25.069321	1089	0.000000
281474976710655.000000	-25.149893	1090	0.000000
281474976710655.000000	-26.319372	1091	0.000000
281474976710655.000000	-24.349501	1092	0.000000
281474976710655.000000	-24.135849	1093	0.000000
281474976710655.000000	-25.899546	1094	0.000000
281474976710655.000000	-25.144030	1095	0.000000
281474976710655.000000	-25.429476	1096	0.000000
281474976710655.000000	-23.860975	1097	0.000000
281474976710655.000000	-25.563162	1098	0.000000
281474976710655.000000	-23.741766	1099	0.000000
281474976710655.000000	-23.939747	1100	0.000000
281474976710655.000000	-24.724325	1101	0.000000
281474976710655.000000	-26.256004	1102	0.000000
281474976710655.000000	-24.616495	1103	0.000000
281474976710655.000000	-25.443939	1104	0.000000
281474976710655.000000	-24.284580	1105	0.000000
281474976710655.000000	-23.829521	1106	0.000000
281474976710655.000000	-24.000210	1107	0.000000
281474976710655.000000	-24.750401	1108	0.000000
281474976710655.000000	-24.816881	1109	0.000000
281474976710655.000000	-25.077862	1110	0.000000
281474976710655.000000	-25.091774	1111	0.000000
281474976710655.000000	-25.233828	1112	0.000000
281474976710655.000000	-25.030838	1113	0.000000
281474976710655.000000	-26.043709	1114	0.000000
281474976710655.000000	-24.397751	1115	0.000000
281474976710655.000000	-25.223694	1116	0.000000
281474976710655.000000	-24.305548	1117	0.000000
281474976710655.000000	-25.223497	1118	0.000000
281474976710655.000000	-25.464260	1119	0.000000
281474976710655.000000	-26.466326	1120	0.000000
281474976710655.000000	-24.776619	1121	0.000000
281474976710655.000000	-23.895155	1122	0.000000
281474976710655.000000	-23.769875	1123	0.000000
281474976710655.000000	-24.372025	1124	0.000000
281474976710655.000000	-24.245268	1125	0.000000
281474976710655.000000	-24.445107	1126	0.000000
281474976710655.000000	-24.596357	1127	0.000000
281474976710655.000000	-24.329895	1128	0.000000
281474976710655.000000	-25.065971	1129	0.000000
281474976710655.000000	-25.319889	1130	0.000000
281474976710655.000000	-24.649157	1131	0.000000
281474976710655.000000	-24.032707	1132	0.000000
281474976710655.000000	-24.700184	1133	0.000000
281474976710655.000000	-24.746937	1134	0.000000
281474976710655.000000	-23.318979	1135	0.000000
281474976710655.000000	-24.712395	1136	0.000000
281474976710655.000000	-23.318010	1137	0.000000
281474976710655.000000	-24.119694	1138	0.000000
281474976710655.000000	-25.161516	1139	0.000000
281474976710655.000000	-24.575365	1140	0.000000
281474976710655.000000	-22.632732	1141	0.000000
281474976710655.000000	-24.054573	1142	0.000000
281474976710655.000000	-24.906145	1143	0.000000
281474976710655.000000	-24.149731	1144	0.000000
281474976710655.000000	-25.298643	1145	0.000000
281474976710655.000000	-24.040174	1146	0.000000
281474976710655.000000	-23.418991	1147	0.000000
281474976710655.000000	-24.395653	1148	0.000000
281474976710655.000000	-24.792217	1149	0.000000
281474976710655.000000	-23.052364	1150	0.000000
281474976710655.000000	-25.827217	1151	0.000000
281474976710655.000000	-22.788353	1152	0.000000
281474976710655.000000	-23.016607	1153	0.000000
281474976710655.000000	-26.071657	1154	0.000000
281474976710655.000000	-24.863844	1155	0.000000
281474976710655.000000	-24.091576	1156	0.000000
281474976710655.000000	-23.030609	1157	0.000000
281474976710655.000000	-24.985695	1158	0.000000
281474976710655.000000	-23.049482	1159	0.000000
281474976710655.000000	-26.029974	1160	0.000000
281474976710655.000000	-24.047121	1161	0.000000
281474976710655.000000	-22.642811	1162	0.000000
281474976710655.000000	-22.978657	1163	0.000000
281474976710655.000000	-23.288782	1164	0.000000
281474976710655.000000	-23.526531	1165	0.000000
281474976710655.000000	-23.250578	1166	0.000000
281474976710655.000000	-23.922909	1167	0.000000
281474976710655.000000	-24.064695	1168	0.000000
281474976710655.000000	-22.352875	1169	0.000000
281474976710655.000000	-23.679609	1170	0.000000
281474976710655.000000	-23.989134	1171	0.000000
281474976710655.000000	-24.285406	1172	0.000000
281474976710655.000000	-22.820261	1173	0.000000
281474976710655.000000	-23.510771	1174	0.000000
281474976710655.000000	-22.259930	1175	0.000000
281474976710655.000000	-23.729862	1176	0.000000
281474976710655.000000	-23.780052	1177	0.000000
281474976710655.000000	-23.335007	1178	0.000000
281474976710655.000000	-21.246111	1179	0.000000
281474976710655.000000	-24.515593	1180	0.000000
281474976710655.000000	-22.907370	1181	0.000000
281474976710655.000000	-22.398468	1182	0.000000
281474976710655.000000	-22.182945	1183	0.000000
281474976710655.000000	-22.380472	1184	0.000000
281474976710655.000000	-23.150402	1185	0.000000
281474976710655.000000	-22.024755	1186	0.000000
281474976710655.000000	-22.278135	1187	0.000000
281474976710655.000000	-22.670900	1188	0.000000
281474976710655.000000	-24.371962	1189	0.000000
281474976710655.000000	-21.949209	1190	0.000000
281474976710655.000000	-22.233376	1191	0.000000
281474976710655.000000	-22.732321	1192	0.000000
281474976710655.000000	-22.981743	1193	0.000000
281474976710655.000000	-22.599966	1194	0.000000
281474976710655.000000	-21.874231	1195	0.000000
281474976710655.000000	-23.220371	1196	0.000000
281474976710655.000000	-22.384954	1197	0.000000
281474976710655.000000	-21.890041	1198	0.000000
281474976710655.000000	-22.740845	1199	0.000000
281474976710655.000000	-22.635893	1200	0.000000
281474976710655.000000	-21.758194	1201	0.000000
281474976710655.000000	-22.324085	1202	0.000000
281474976710655.000000	-23.108181	1203	0.000000
281474976710655.000000	-24.769432	1204	0.000000
281474976710655.000000	-22.513821	1205	0.000000
281474976710655.000000	-23.663721	1206	0.000000
281474976710655.000000	-21.401028	1207	0.000000
281474976710655.000000	-21.129517	1208	0.000000
281474976710655.000000	-23.524220	1209	0.000000
281474976710655.000000	-21.482012	1210	0.000000
281474976710655.000000	-21.597744	1211	0.000000
281474976710655.000000	-23.175484	1212	0.000000
281474976710655.000000	-22.924395	1213	0.000000
281474976710655.000000	-21.424389	1214	0.000000
281474976710655.000000	-22.331127	1215	0.000000
281474976710655.000000	-22.139904	1216	0.000000
281474976710655.000000	-24.256252	1217	0.000000
281474976710655.000000	-21.532043	1218	0.000000
281474976710655.000000	-22.592081	1219	0.000000
281474976710655.000000	-20.667480	1220	0.000000
281474976710655.000000	-23.733515	1221	0.000000
281474976710655.000000	-21.643904	1222	0.000000
281474976710655.000000	-23.528433	1223	0.000000
281474976710655.000000	-21.034563	1224	0.000000
281474976710655.000000	-22.599957	1225	0.000000
281474976710655.000000	-22.161354	1226	0.000000
281474976710655.000000	-23.834120	1227	0.000000
281474976710655.000000	-21.599489	1228	0.000000
281474976710655.000000	-22.782808	1229	0.000000
281474976710655.000000	-20.547585	1230	0.000000
281474976710655.000000	-22.494492	1231	0.000000
281474976710655.000000	-21.128279	1232	0.000000
281474976710655.000000	-23.016975	1233	0.000000
281474976710655.000000	-21.797853	1234	0.000000
281474976710655.000000	-21.306055	1235	0.000000
281474976710655.000000	-21.251747	1236	0.000000
281474976710655.000000	-20.715014	1237	0.000000
281474976710655.000000	-20.394205	1238	0.000000
281474976710655.000000	-21.282967	1239	0.000000
281474976710655.000000	-21.223646	1240	0.000000
281474976710655.000000	-22.449196	1241	0.000000
281474976710655.000000	-22.603783	1242	0.000000
281474976710655.000000	-21.641211	1243	0.000000
281474976710655.000000	-21.015654	1244	0.000000
281474976710655.000000	-22.217060	1245	0.000000
281474976710655.000000	-21.775129	1246	0.000000
281474976710655.000000	-22.745712	1247	0.000000
281474976710655.000000	-22.469654	1248	0.000000
281474976710655.000000	-21.441442	1249	0.000000
281474976710655.000000	-20.968231	1250	0.000000
281474976710655.000000	-22.460007	1251	0.000000
281474976710655.000000	-21.428267	1252	0.000000
281474976710655.000000	-21.700241	1253	0.000000
281474976710655.000000	-20.854738	1254	0.000000
281474976710655.000000	-20.340815	1255	0.000000
281474976710655.000000	-20.550846	1256	0.000000
281474976710655.000000	-21.469021	1257	0.000000
281474976710655.000000	-20.572390	1258	0.000000
281474976710655.000000	-21.265488	1259	0.000000
281474976710655.000000	-21.335947	1260	0.000000
281474976710655.000000	-21.404142	1261	0.000000
281474976710655.000000	-22.611723	1262	0.000000
281474976710655.000000	-20.761417	1263	0.000000
281474976710655.000000	-21.066162	1264	0.000000
281474976710655.000000	-20.185606	1265	0.000000
281474976710655.000000	-19.843052	1266	0.000000
281474976710655.000000	-20.126204	1267	0.000000
281474976710655.000000	-19.869106	1268	0.000000
281474976710655.000000	-21.174694	1269	0.000000
281474976710655.000000	-20.604914	1270	0.000000
281474976710655.000000	-19.282356	1271	0.000000
281474976710655.000000	-20.413364	1272	0.000000
281474976710655.000000	-19.999109	1273	0.000000
281474976710655.000000	-20.053345	1274	0.000000
281474976710655.000000	-20.225388	1275	0.000000
281474976710655.000000	-21.421553	1276	0.000000
281474976710655.000000	-20.885664	1277	0.000000
281474976710655.000000	-20.210320	1278	0.000000
281474976710655.000000	-20.935804	1279	0.000000
281474976710655.000000	-20.701685	1280	0.000000
281474976710655.000000	-20.035492	1281	0.000000
281474976710655.000000	-20.326244	1282	0.000000
281474976710655.000000	-20.464809	1283	0.000000
281474976710655.000000	-20.153536	1284	0.000000
281474976710655.000000	-19.915997	1285	0.000000
281474976710655.000000	-20.189728	1286	0.000000
281474976710655.000000	-19.650040	1287	0.000000
281474976710655.000000	-20.136909	1288	0.000000
281474976710655.000000	-19.928619	1289	0.000000
281474976710655.000000	-20.497133	1290	0.000000
281474976710655.000000	-20.731344	1291	0.000000
281474976710655.000000	-19.540792	1292	0.000000
281474976710655.000000	-20.737560	1293	0.000000
281474976710655.000000	-20.079016	1294	0.000000
281474976710655.000000	-20.961544	1295	0.000000
281474976710655.000000	-19.998371	1296	0.000000
281474976710655.000000	-19.592192	1297	0.000000
281474976710655.000000	-19.115044	1298	0.000000
281474976710655.000000	-19.901527	1299	0.000000
281474976710655.000000	-20.377085	1300	0.000000
281474976710655.000000	-18.697323	1301	0.000000
281474976710655.000000	-20.316803	1302	0.000000
281474976710655.000000	-19.957027	1303	0.000000
281474976710655.000000	-19.385067	1304	0.000000
281474976710655.000000	-19.904917	1305	0.000000
281474976710655.000000	-18.783716	1306	0.000000
281474976710655.000000	-20.445599	1307	0.000000
281474976710655.000000	-19.156694	1308	0.000000
281474976710655.000000	-19.121464	1309	0.000000
281474976710655.000000	-19.481344	1310	0.000000
281474976710655.000000	-20.208956	1311	0.000000
281474976710655.000000	-20.279158	1312	0.000000
281474976710655.000000	-19.174599	1313	0.000000
281474976710655.000000	-20.647121	1314	0.000000
281474976710655.000000	-19.579365	1315	0.000000
281474976710655.000000	-18.646856	1316	0.000000
281474976710655.000000	-20.025602	1317	0.000000
281474976710655.000000	-19.472198	1318	0.000000
281474976710655.000000	-19.179911	1319	0.000000
281474976710655.000000	-19.805923	1320	0.000000
281474976710655.000000	-20.715715	1321	0.000000
281474976710655.000000	-18.575844	1322	0.000000
281474976710655.000000	-19.484644	1323	0.000000
281474976710655.000000	-19.314346	1324	0.000000
281474976710655.000000	-18.579042	1325	0.000000
281474976710655.000000	-19.271748	1326	0.000000
281474976710655.000000	-19.152639	1327	0.000000
281474976710655.000000	-19.613129	1328	0.000000
281474976710655.000000	-18.655422	1329	0.000000
281474976710655.000000	-19.265972	1330	0.000000
281474976710655.000000	-19.434757	1331	0.000000
281474976710655.000000	-18.491623	1332	0.000000
281474976710655.000000	-19.162079	1333	0.000000
281474976710655.000000	-19.047443	1334	0.000000
281474976710655.000000	-19.944195	1335	0.000000
281474976710655.000000	-19.270334	1336	0.000000
281474976710655.000000	-18.630123	1337	0.000000
281474976710655.000000	-19.224062	1338	0.000000
281474976710655.000000	-19.109495	1339	0.000000
281474976710655.000000	-19.607117	1340	0.000000
281474976710655.000000	-18.892460	1341	0.000000
281474976710655.000000	-19.148750	1342	0.000000
281474976710655.000000	-18.693583	1343	0.000000
281474976710655.000000	-19.084700	1344	0.000000
281474976710655.000000	-18.433800	1345	0.000000
281474976710655.000000	-19.304245	1346	0.000000
281474976710655.000000	-18.188749	1347	0.000000
281474976710655.000000	-18.199556	1348	0.000000
281474976710655.000000	-18.040270	1349	0.000000
281474976710655.000000	-19.371862	1350	0.000000
281474976710655.000000	-18.486528	1351	0.000000
281474976710655.000000	-18.877167	1352	0.000000
281474976710655.000000	-19.239582	1353	0.000000
281474976710655.000000	-18.101494	1354	0.000000
281474976710655.000000	-18.905041	1355	0.000000
281474976710655.000000	-18.360472	1356	0.000000
281474976710655.000000	-17.537666	1357	0.000000
281474976710655.000000	-17.783007	1358	0.000000
281474976710655.000000	-19.080481	1359	0.000000
281474976710655.000000	-17.961082	1360	0.000000
281474976710655.000000	-17.670982	1361	0.000000
281474976710655.000000	-18.013634	1362	0.000000
281474976710655.000000	-19.684568	1363	0.000000
281474976710655.000000	-17.826069	1364	0.000000
281474976710655.000000	-18.577671	1365	0.000000
281474976710655.000000	-17.988943	1366	0.000000
281474976710655.000000	-18.528772	1367	0.000000
281474976710655.000000	-18.135765	1368	0.000000
281474976710655.000000	-18.699795	1369	0.000000
281474976710655.000000	-17.930553	1370	0.000000
281474976710655.000000	-17.690678	1371	0.000000
281474976710655.000000	-18.296270	1372	0.000000
281474976710655.000000	-17.744190	1373	0.000000
281474976710655.000000	-17.557505	1374	0.000000
281474976710655.000000	-17.754496	1375	0.000000
281474976710655.000000	-18.704872	1376	0.000000
281474976710655.000000	-17.683867	1377	0.000000
281474976710655.000000	-17.507370	1378	0.000000
281474976710655.000000	-18.038155	1379	0.000000
281474976710655.000000	-17.485304	1380	0.000000
281474976710655.000000	-18.699348	1381	0.000000
281474976710655.000000	-17.714115	1382	0.000000
281474976710655.000000	-18.046705	1383	0.000000
281474976710655.000000	-17.537792	1384	0.000000
281474976710655.000000	-17.855141	1385	0.000000
281474976710655.000000	-17.187782	1386	0.000000
281474976710655.000000	-17.439211	1387	0.000000
281474976710655.000000	-17.488249	1388	0.000000
281474976710655.000000	-17.296064	1389	0.000000
281474976710655.000000	-17.598082	1390	0.000000
281474976710655.000000	-17.622177	1391	0.000000
281474976710655.000000	-17.843180	1392	0.000000
281474976710655.000000	-16.418549	1393	0.000000
281474976710655.000000	-18.165215	1394	0.000000
281474976710655.000000	-17.533628	1395	0.000000
281474976710655.000000	-17.146263	1396	0.000000
281474976710655.000000	-18.382851	1397	0.000000
281474976710655.000000	-16.846739	1398	0.000000
281474976710655.000000	-17.748051	1399	0.000000
281474976710655.000000	-17.492531	1400	0.000000
281474976710655.000000	-18.802591	1401	0.000000
281474976710655.000000	-17.107246	1402	0.000000
281474976710655.000000	-17.437220	1403	0.000000
281474976710655.000000	-17.211515	1404	0.000000
281474976710655.000000	-17.340578	1405	0.000000
281474976710655.000000	-17.426218	1406	0.000000
281474976710655.000000	-17.544186	1407	0.000000
281474976710655.000000	-17.109722	1408	0.000000
281474976710655.000000	-17.070597	1409	0.000000
281474976710655.000000	-17.361586	1410	0.000000
281474976710655.000000	-16.955536	1411	0.000000
281474976710655.000000	-17.588625	1412	0.000000
281474976710655.000000	-16.991693	1413	0.000000
281474976710655.000000	-16.257698	1414	0.000000
281474976710655.000000	-17.256626	1415	0.000000
281474976710655.000000	-17.254549	1416	0.000000
281474976710655.000000	-16.830061	1417	0.000000
281474976710655.000000	-17.007717	1418	0.000000
281474976710655.000000	-16.622967	1419	0.000000
281474976710655.000000	-16.616741	1420	0.000000
281474976710655.000000	-17.000374	1421	0.000000
281474976710655.000000	-16.312321	1422	0.000000
281474976710655.000000	-16.955982	1423	0.000000
281474976710655.000000	-16.699970	1424	0.000000
281474976710655.000000	-16.816141	1425	0.000000
281474976710655.000000	-16.363817	1426	0.000000
281474976710655.000000	-17.362509	1427	0.000000
281474976710655.000000	-16.271446	1428	0.000000
281474976710655.000000	-16.696802	1429	0.000000
281474976710655.000000	-16.324896	1430	0.000000
281474976710655.000000	-16.653673	1431	0.000000
281474976710655.000000	-17.405079	1432	0.000000
281474976710655.000000	-16.593609	1433	0.000000
281474976710655.000000	-16.195818	1434	0.000000
281474976710655.000000	-16.694155	1435	0.000000
281474976710655.000000	-16.548061	1436	0.000000
281474976710655.000000	-16.261086	1437	0.000000
281474976710655.000000	-16.220819	1438	0.000000
281474976710655.000000	-16.682903	1439	0.000000
281474976710655.000000	-16.080383	1440	0.000000
281474976710655.000000	-17.537813	1441	0.000000
281474976710655.000000	-15.866644	1442	0.000000
281474976710655.000000	-16.354832	1443	0.000000
281474976710655.000000	-16.024828	1444	0.000000
281474976710655.000000	-16.451254	1445	0.000000
281474976710655.000000	-15.940357	1446	0.000000
281474976710655.000000	-16.545805	1447	0.000000
281474976710655.000000	-15.939501	1448	0.000000
281474976710655.000000	-15.963563	1449	0.000000
281474976710655.000000	-15.767373	1450	0.000000
281474976710655.000000	-16.540861	1451	0.000000
281474976710655.000000	-16.247425	1452	0.000000
281474976710655.000000	-16.503595	1453	0.000000
281474976710655.000000	-16.512676	1454	0.000000
281474976710655.000000	-15.865200	1455	0.000000
281474976710655.000000	-16.336731	1456	0.000000
281474976710655.000000	-15.975805	1457	0.000000
281474976710655.000000	-16.019295	1458	0.000000
281474976710655.000000	-15.702790	1459	0.000000
281474976710655.000000	-16.268593	1460	0.000000
281474976710655.000000	-15.657820	1461	0.000000
281474976710655.000000	-15.866807	1462	0.000000
281474976710655.000000	-16.145792	1463	0.000000
281474976710655.000000	-15.996459	1464	0.000000
281474976710655.000000	-15.928219	1465	0.000000
281474976710655.000000	-15.546582	1466	0.000000
281474976710655.000000	-16.119114	1467	0.000000
281474976710655.000000	-15.609617	1468	0.000000
281474976710655.000000	-15.450953	1469	0.000000
281474976710655.000000	-15.962322	1470	0.000000
281474976710655.000000	-15.863708	1471	0.000000
281474976710655.000000	-15.707893	1472	0.000000
281474976710655.000000	-15.636370	1473	0.000000
281474976710655.000000	-15.449710	1474	0.000000
281474976710655.000000	-15.558922	1475	0.000000
281474976710655.000000	-15.440777	1476	0.000000
281474976710655.000000	-15.655140	1477	0.000000
281474976710655.000000	-16.100178	1478	0.000000
281474976710655.000000	-15.115875	1479	0.000000
281474976710655.000000	-16.132505	1480	0.000000
281474976710655.000000	-15.131718	1481	0.000000
281474976710655.000000	-15.647976	1482	0.000000
281474976710655.000000	-15.596897	1483	0.000000
281474976710655.000000	-15.189642	1484	0.000000
281474976710655.000000	-15.907152	1485	0.000000
281474976710655.000000	-15.834291	1486	0.000000
281474976710655.000000	-15.029569	1487	0.000000
281474976710655.000000	-15.488051	1488	0.000000
281474976710655.000000	-15.355649	1489	0.000000
281474976710655.000000	-15.503928	1490	0.000000
281474976710655.000000	-15.149298	1491	0.000000
281474976710655.000000	-15.732726	1492	0.000000
281474976710655.000000	-15.420828	1493	0.000000
281474976710655.000000	-15.525419	1494	0.000000
281474976710655.000000	-15.133495	1495	0.000000
281474976710655.000000	-15.009886	1496	0.000000
281474976710655.000000	-15.178374	1497	0.000000
281474976710655.000000	-15.310873	1498	0.000000
281474976710655.000000	-15.227292	1499	0.000000
281474976710655.000000	-15.720223	1500	0.000000
281474976710655.000000	-15.420971	1501	0.000000
281474976710655.000000	-15.292470	1502	0.000000
281474976710655.000000	-15.485806	1503	0.000000
281474976710655.000000	-15.453858	1504	0.000000
281474976710655.000000	-15.417282	1505	0.000000
281474976710655.000000	-15.117770	1506	0.000000
281474976710655.000000	-15.392879	1507	0.000000
281474976710655.000000	-15.803834	1508	0.000000
281474976710655.000000	-14.761721	1509	0.000000
281474976710655.000000	-15.444554	1510	0.000000
281474976710655.000000	-14.783634	1511	0.000000
281474976710655.000000	-14.894849	1512	0.000000
281474976710655.000000	-15.297293	1513	0.000000
281474976710655.000000	-14.896697	1514	0.000000
281474976710655.000000	-15.656015	1515	0.000000
281474976710655.000000	-15.437345	1516	0.000000
281474976710655.000000	-14.941250	1517	0.000000
281474976710655.000000	-15.274680	1518	0.000000
281474976710655.000000	-14.693273	1519	0.000000
281474976710655.000000	-15.477954	1520	0.000000
281474976710655.000000	-15.303039	1521	0.000000
281474976710655.000000	-14.912508	1522	0.000000
281474976710655.000000	-15.171044	1523	0.000000
281474976710655.000000	-14.720973	1524	0.000000
281474976710655.000000	-15.054157	1525	0.000000
281474976710655.000000	-14.657229	1526	0.000000
281474976710655.000000	-14.931991	1527	0.000000
281474976710655.000000	-14.634458	1528	0.000000
281474976710655.000000	-14.818181	1529	0.000000
281474976710655.000000	-14.674102	1530	0.000000
281474976710655.000000	-14.436758	1531	0.000000
281474976710655.000000	-14.622889	1532	0.000000
281474976710655.000000	-15.002238	1533	0.000000
281474976710655.000000	-14.607899	1534	0.000000
281474976710655.000000	-15.633330	1535	0.000000
281474976710655.000000	-14.389366	1536	0.000000
281474976710655.000000	-14.880427	1537	0.000000
281474976710655.000000	-14.330656	1538	0.000000
281474976710655.000000	-15.027968	1539	0.000000
281474976710655.000000	-14.232708	1540	0.000000
281474976710655.000000	-14.668811	1541	0.000000
281474976710655.000000	-14.696906	1542	0.000000
281474976710655.000000	-14.272087	1543	0.000000
281474976710655.000000	-14.074124	1544	0.000000
281474976710655.000000	-14.894108	1545	0.000000
281474976710655.000000	-14.394776	1546	0.000000
281474976710655.000000	-14.745618	1547	0.000000
281474976710655.000000	-14.500502	1548	0.000000
281474976710655.000000	-14.293691	1549	0.000000
281474976710655.000000	-14.311930	1550	0.000000
281474976710655.000000	-14.484653	1551	0.000000
281474976710655.000000	-14.110950	1552	0.000000
281474976710655.000000	-14.592254	1553	0.000000
281474976710655.000000	-14.275857	1554	0.000000
281474976710655.000000	-14.401797	1555	0.000000
281474976710655.000000	-14.426747	1556	0.000000
281474976710655.000000	-14.567413	1557	0.000000
281474976710655.000000	-13.966124	1558	0.000000
281474976710655.000000	-14.386870	1559	0.000000
281474976710655.000000	-14.623976	1560	0.000000
281474976710655.000000	-14.677836	1561	0.000000
281474976710655.000000	-14.012053	1562	0.000000
281474976710655.000000	-14.280746	1563	0.000000
281474976710655.000000	-13.918548	1564	0.000000
281474976710655.000000	-14.327957	1565	0.000000
281474976710655.000000	-13.878307	1566	0.000000
281474976710655.000000	-14.068697	1567	0.000000
281474976710655.000000	-14.147936	1568	0.000000
281474976710655.000000	-13.936042	1569	0.000000
281474976710655.000000	-13.894558	1570	0.000000
281474976710655.000000	-14.481707	1571	0.000000
281474976710655.000000	-13.746729	1572	0.000000
281474976710655.000000	-14.313226	1573	0.000000
281474976710655.000000	-13.913320	1574	0.000000
281474976710655.000000	-14.191311	1575	0.000000
281474976710655.000000	-14.230941	1576	0.000000
281474976710655.000000	-14.367727	1577	0.000000
281474976710655.000000	-14.411851	1578	0.000000
281474976710655.000000	-13.718999	1579	0.000000
281474976710655.000000	-14.195541	1580	0.000000
281474976710655.000000	-14.415079	1581	0.000000
281474976710655.000000	-14.032427	1582	0.000000
281474976710655.000000	-13.909017	1583	0.000000
281474976710655.000000	-13.975688	1584	0.000000
281474976710655.000000	-14.073890	1585	0.000000
281474976710655.000000	-13.314347	1586	0.000000
281474976710655.000000	-14.105624	1587	0.000000
281474976710655.000000	-13.597354	1588	0.000000
281474976710655.000000	-14.340107	1589	0.000000
281474976710655.000000	-13.424453	1590	0.000000
281474976710655.000000	-13.930760	1591	0.000000
281474976710655.000000	-13.508180	1592	0.000000
281474976710655.000000	-13.624459	1593	0.000000
281474976710655.000000	-13.400761	1594	0.000000
281474976710655.000000	-13.562065	1595	0.000000
281474976710655.000000	-13.914558	1596	0.000000
281474976710655.000000	-13.862866	1597	0.000000
281474976710655.000000	-13.592957	1598	0.000000
281474976710655.000000	-13.559347	1599	0.000000
281474976710655.000000	-13.583604	1600	0.000000
281474976710655.000000	-13.383266	1601	0.000000
281474976710655.000000	-13.464704	1602	0.000000
281474976710655.000000	-13.658917	1603	0.000000
281474976710655.000000	-13.416600	1604	0.000000
281474976710655.000000	-13.800453	1605	0.000000
281474976710655.000000	-13.215391	1606	0.000000
281474976710655.000000	-13.420809	1607	0.000000
281474976710655.000000	-13.426122	1608	0.000000
281474976710655.000000	-13.571267	1609	0.000000
281474976710655.000000	-13.516719	1610	0.000000
281474976710655.000000	-13.279836	1611	0.000000
281474976710655.000000	-13.094361	1612	0.000000
281474976710655.000000	-13.625929	1613	0.000000
281474976710655.000000	-13.341915	1614	0.000000
281474976710655.000000	-13.967772	1615	0.000000
281474976710655.000000	-13.606546	1616	0.000000
281474976710655.000000	-13.523636	1617	0.000000
281474976710655.000000	-13.105242	1618	0.000000
281474976710655.000000	-13.383506	1619	0.000000
281474976710655.000000	-12.949134	1620	0.000000
281474976710655.000000	-13.381284	1621	0.000000
281474976710655.000000	-13.053584	1622	0.000000
281474976710655.000000	-13.125323	1623	0.000000
281474976710655.000000	-12.854233	1624	0.000000
281474976710655.000000	-13.389507	1625	0.000000
281474976710655.000000	-13.200032	1626	0.000000
281474976710655.000000	-13.335686	1627	0.000000
281474976710655.000000	-13.465619	1628	0.000000
281474976710655.000000	-12.983521	1629	0.000000
281474976710655.000000	-13.066000	1630	0.000000
281474976710655.000000	-12.774491	1631	0.000000
281474976710655.000000	-13.071225	1632	0.000000
281474976710655.000000	-13.106685	1633	0.000000
281474976710655.000000	-13.116377	1634	0.000000
281474976710655.000000	-12.693818	1635	0.000000
281474976710655.000000	-13.033648	1636	0.000000
281474976710655.000000	-13.322405	1637	0.000000
281474976710655.000000	-13.496395	1638	0.000000
281474976710655.000000	-12.832510	1639	0.000000
281474976710655.000000	-13.478884	1640	0.000000
281474976710655.000000	-12.769034	1641	0.000000
281474976710655.000000	-13.192806	1642	0.000000
281474976710655.000000	-12.822578	1643	0.000000
281474976710655.000000	-12.691349	1644	0.000000
281474976710655.000000	-12.737065	1645	0.000000
281474976710655.000000	-12.823465	1646	0.000000
281474976710655.000000	-13.390100	1647	0.000000
281474976710655.000000	-12.687753	1648	0.000000
281474976710655.000000	-12.466699	1649	0.000000
281474976710655.000000	-12.616509	1650	0.000000
281474976710655.000000	-12.601571	1651	0.000000
281474976710655.000000	-12.841898	1652	0.000000
281474976710655.000000	-12.686326	1653	0.000000
281474976710655.000000	-12.761633	1654	0.000000
281474976710655.000000	-12.708694	1655	0.000000
281474976710655.000000	-12.484400	1656	0.000000
281474976710655.000000	-12.841610	1657	0.000000
281474976710655.000000	-12.618431	1658	0.000000
281474976710655.000000	-12.341893	1659	0.000000
281474976710655.000000	-12.644977	1660	0.000000
281474976710655.000000	-12.590910	1661	0.000000
281474976710655.000000	-12.424828	1662	0.000000
281474976710655.000000	-12.265079	1663	0.000000
281474976710655.000000	-12.698847	1664	0.000000
281474976710655.000000	-13.038724	1665	0.000000
281474976710655.000000	-12.754750	1666	0.000000
281474976710655.000000	-12.183438	1667	0.000000
281474976710655.000000	-12.544577	1668	0.000000
281474976710655.000000	-12.225565	1669	0.000000
281474976710655.000000	-12.514632	1670	0.000000
281474976710655.000000	-12.521408	1671	0.000000
281474976710655.000000	-12.391694	1672	0.000000
281474976710655.000000	-12.785010	1673	0.000000
281474976710655.000000	-12.714037	1674	0.000000
281474976710655.000000	-12.225307	1675	0.000000
281474976710655.000000	-12.423653	1676	0.000000
281474976710655.000000	-12.205732	1677	0.000000
281474976710655.000000	-12.484346	1678	0.000000
281474976710655.000000	-12.187978	1679	0.000000
281474976710655.000000	-12.312086	1680	0.000000
281474976710655.000000	-12.358001	1681	0.000000
281474976710655.000000	-12.309003	1682	0.000000
281474976710655.000000	-12.594418	1683	0.000000
281474976710655.000000	-12.286800	1684	0.000000
281474976710655.000000	-12.262310	1685	0.000000
281474976710655.000000	-12.386013	1686	0.000000
281474976710655.000000	-12.350833	1687	0.000000
281474976710655.000000	-12.271751	1688	0.000000
281474976710655.000000	-12.082112	1689	0.000000
281474976710655.000000	-12.315546	1690	0.000000
281474976710655.000000	-11.951907	1691	0.000000
281474976710655.000000	-12.052897	1692	0.000000
281474976710655.000000	-12.160903	1693	0.000000
281474976710655.000000	-12.133204	1694	0.000000
281474976710655.000000	-12.054429	1695	0.000000
281474976710655.000000	-12.452499	1696	0.000000
281474976710655.000000	-12.231478	1697	0.000000
281474976710655.000000	-12.652012	1698	0.000000
281474976710655.000000	-12.303108	1699	0.000000
281474976710655.000000	-11.980649	1700	0.000000
281474976710655.000000	-11.842940	1701	0.000000
281474976710655.000000	-12.196424	1702	0.000000
281474976710655.000000	-11.776829	1703	0.000000
281474976710655.000000	-11.915471	1704	0.000000
281474976710655.000000	-11.710544	1705	0.000000
281474976710655.000000	-12.075693	1706	0.000000
281474976710655.000000	-11.912593	1707	0.000000
281474976710655.000000	-12.065948	1708	0.000000
281474976710655.000000	-12.142942	1709	0.000000
281474976710655.000000	-11.833657	1710	0.000000
281474976710655.000000	-11.985435	1711	0.000000
281474976710655.000000	-12.393600	1712	0.000000
281474976710655.000000	-11.713309	1713	0.000000
281474976710655.000000	-11.967110	1714	0.000000
281474976710655.000000	-11.684589	1715	0.000000
281474976710655.000000	-11.908249	1716	0.000000
281474976710655.000000	-11.805606	1717	0.000000
281474976710655.000000	-11.820249	1718	0.000000
281474976710655.000000	-11.721051	1719	0.000000
281474976710655.000000	-11.854104	1720	0.000000
281474976710655.000000	-11.590240	1721	0.000000
281474976710655.000000	-11.789404	1722	0.000000
281474976710655.000000	-11.652555	1723	0.000000
281474976710655.000000	-12.065009	1724	0.000000
281474976710655.000000	-11.497452	1725	0.000000
281474976710655.000000	-11.558616	1726	0.000000
281474976710655.000000	-11.608216	1727	0.000000
281474976710655.000000	-11.689548	1728	0.000000
281474976710655.000000	-12.055944	1729	0.000000
281474976710655.000000	-11.468861	1730	0.000000
281474976710655.000000	-11.636897	1731	0.000000
281474976710655.000000	-11.741300	1732	0.000000
281474976710655.000000	-11.557840	1733	0.000000
281474976710655.000000	-11.865027	1734	0.000000
281474976710655.000000	-11.365439	1735	0.000000
281474976710655.000000	-11.665613	1736	0.000000
281474976710655.000000	-11.855702	1737	0.000000
281474976710655.000000	-11.780072	1738	0.000000
281474976710655.000000	-11.723559	1739	0.000000
281474976710655.000000	-11.379144	1740	0.000000
281474976710655.000000	-11.625756	1741	0.000000
281474976710655.000000	-11.508633	1742	0.000000
281474976710655.000000	-11.362433	1743	0.000000
281474976710655.000000	-11.576587	1744	0.000000
281474976710655.000000	-11.390642	1745	0.000000
281474976710655.000000	-11.190822	1746	0.000000
281474976710655.000000	-11.427498	1747	0.000000
281474976710655.000000	-11.555230	1748	0.000000
281474976710655.000000	-10.977717	1749	0.000000
281474976710655.000000	-11.601184	1750	0.000000
281474976710655.000000	-11.054661	1751	0.000000
281474976710655.000000	-11.542385	1752	0.000000
281474976710655.000000	-11.047838	1753	0.000000
281474976710655.000000	-11.244284	1754	0.000000
281474976710655.000000	-11.053338	1755	0.000000
281474976710655.000000	-11.060420	1756	0.000000
281474976710655.000000	-11.246880	1757	0.000000
281474976710655.000000	-11.295645	1758	0.000000
281474976710655.000000	-11.268232	1759	0.000000
281474976710655.000000	-11.215264	1760	0.000000
281474976710655.000000	-11.351295	1761	0.000000
281474976710655.000000	-11.245350	1762	0.000000
281474976710655.000000	-11.067167	1763	0.000000
281474976710655.000000	-11.121584	1764	0.000000
281474976710655.000000	-10.996626	1765	0.000000
281474976710655.000000	-11.219243	1766	0.000000
281474976710655.000000	-11.032044	1767	0.000000
281474976710655.000000	-11.027212	1768	0.000000
281474976710655.000000	-10.901998	1769	0.000000
281474976710655.000000	-11.329112	1770	0.000000
281474976710655.000000	-10.831015	1771	0.000000
281474976710655.000000	-11.118540	1772	0.000000
281474976710655.000000	-10.745595	1773	0.000000
281474976710655.000000	-11.085672	1774	0.000000
281474976710655.000000	-10.885557	1775	0.000000
281474976710655.000000	-11.188684	1776	0.000000
281474976710655.000000	-10.739576	1777	0.000000
281474976710655.000000	-10.811106	1778	0.000000
281474976710655.000000	-11.130353	1779	0.000000
281474976710655.000000	-10.887993	1780	0.000000
281474976710655.000000	-10.872943	1781	0.000000
281474976710655.000000	-11.216196	1782	0.000000
281474976710655.000000	-10.750788	1783	0.000000
281474976710655.000000	-10.979534	1784	0.000000
281474976710655.000000	-10.728942	1785	0.000000
281474976710655.000000	-10.926812	1786	0.000000
281474976710655.000000	-10.664671	1787	0.000000
281474976710655.000000	-10.885056	1788	0.000000
281474976710655.000000	-10.631621	1789	0.000000
281474976710655.000000	-10.746223	1790	0.000000
281474976710655.000000	-10.657025	1791	0.000000
281474976710655.000000	-10.803998	1792	0.000000
281474976710655.000000	-10.510736	1793	0.000000
281474976710655.000000	-10.715133	1794	0.000000
281474976710655.000000	-10.862475	1795	0.000000
281474976710655.000000	-10.809289	1796	0.000000
281474976710655.000000	-10.800816	1797	0.000000
281474976710655.000000	-10.969318	1798	0.000000
281474976710655.000000	-10.488266	1799	0.000000
281474976710655.000000	-10.776263	1800	0.000000
281474976710655.000000	-10.605523	1801	0.000000
281474976710655.000000	-10.665238	1802	0.000000
281474976710655.000000	-10.479393	1803	0.000000
281474976710655.000000	-10.723069	1804	0.000000
281474976710655.000000	-10.668112	1805	0.000000
281474976710655.000000	-10.702988	1806	0.000000
281474976710655.000000	-10.520407	1807	0.000000
281474976710655.000000	-10.820624	1808	0.000000
281474976710655.000000	-10.524330	1809	0.000000
281474976710655.000000	-10.666791	1810	0.000000
281474976710655.000000	-10.569159	1811	0.000000
281474976710655.000000	-10.571521	1812	0.000000
281474976710655.000000	-10.386743	1813	0.000000
281474976710655.000000	-10.559503	1814	0.000000
281474976710655.000000	-10.613401	1815	0.000000
281474976710655.000000	-10.658250	1816	0.000000
281474976710655.000000	-10.466330	1817	0.000000
281474976710655.000000	-10.630974	1818	0.000000
281474976710655.000000	-10.233617	1819	0.000000
281474976710655.000000	-10.639876	1820	0.000000
281474976710655.000000	-10.494045	1821	0.000000
281474976710655.000000	-10.409296	1822	0.000000
281474976710655.000000	-10.306977	1823	0.000000
281474976710655.000000	-10.417248	1824	0.000000
281474976710655.000000	-10.226995	1825	0.000000
281474976710655.000000	-10.551393	1826	0.000000
281474976710655.000000	-10.251746	1827	0.000000
281474976710655.000000	-10.590628	1828	0.000000
281474976710655.000000	-10.178185	1829	0.000000
281474976710655.000000	-10.366199	1830	0.000000
281474976710655.000000	-10.159100	1831	0.000000
281474976710655.000000	-10.237415	1832	0.000000
281474976710655.000000	-10.160427	1833	0.000000
281474976710655.000000	-10.427168	1834	0.000000
281474976710655.000000	-10.255665	1835	0.000000
281474976710655.000000	-10.200712	1836	0.000000
281474976710655.000000	-10.198052	1837	0.000000
281474976710655.000000	-10.176809	1838	0.000000
281474976710655.000000	-9.994940	1839	0.000000
281474976710655.000000	-10.382494	1840	0.000000
281474976710655.000000	-10.196265	1841	0.000000
281474976710655.000000	-10.314828	1842	0.000000
281474976710655.000000	-9.932844	1843	0.000000
281474976710655.000000	-10.354430	1844	0.000000
281474976710655.000000	-10.147141	1845	0.000000
281474976710655.000000	-10.292664	1846	0.000000
281474976710655.000000	-9.808158	1847	0.000000
281474976710655.000000	-10.018338	1848	0.000000
281474976710655.000000	-9.785121	1849	0.000000
281474976710655.000000	-10.058084	1850	0.000000
281474976710655.000000	-9.829254	1851	0.000000
281474976710655.000000	-10.139586	1852	0.000000
281474976710655.000000	-9.802661	1853	0.000000
281474976710655.000000	-10.142641	1854	0.000000
281474976710655.000000	-9.992831	1855	0.000000
281474976710655.000000	-10.161700	1856	0.000000
281474976710655.000000	-10.034661	1857	0.000000
281474976710655.000000	-9.975075	1858	0.000000
281474976710655.000000	-9.626156	1859	0.000000
281474976710655.000000	-9.800379	1860	0.000000
281474976710655.000000	-9.709445	1861	0.000000
281474976710655.000000	-10.070868	1862	0.000000
281474976710655.000000	-9.877909	1863	0.000000
281474976710655.000000	-9.774514	1864	0.000000
281474976710655.000000	-9.696529	1865	0.000000
281474976710655.000000	-9.935915	1866	0.000000
281474976710655.000000	-9.604039	1867	0.000000
281474976710655.000000	-9.871977	1868	0.000000
281474976710655.000000	-9.680676	1869	0.000000
281474976710655.000000	-9.847190	1870	0.000000
281474976710655.000000	-9.540618	1871	0.000000
281474976710655.000000	-9.704597	1872	0.000000
281474976710655.000000	-9.529161	1873	0.000000
281474976710655.000000	-9.908292	1874	0.000000
281474976710655.000000	-9.638894	1875	0.000000
281474976710655.000000	-9.796479	1876	0.000000
281474976710655.000000	-9.552218	1877	0.000000
281474976710655.000000	-9.916406	1878	0.000000
281474976710655.000000	-9.676025	1879	0.000000
281474976710655.000000	-9.784291	1880	0.000000
281474976710655.000000	-9.697132	1881	0.000000
281474976710655.000000	-9.841546	1882	0.000000
281474976710655.000000	-9.623874	1883	0.000000
281474976710655.000000	-9.759601	1884	0.000000
281474976710655.000000	-9.618506	1885	0.000000
281474976710655.000000	-9.519725	1886	0.000000
281474976710655.000000	-9.370157	1887	0.000000
281474976710655.000000	-9.533703	1888	0.000000
281474976710655.000000	-9.545551	1889	0.000000
281474976710655.000000	-9.589218	1890	0.000000
281474976710655.000000	-9.480434	1891	0.000000
281474976710655.000000	-9.459207	1892	0.000000
281474976710655.000000	-9.300009	1893	0.000000
281474976710655.000000	-9.655591	1894	0.000000
281474976710655.000000	-9.324348	1895	0.000000
281474976710655.000000	-9.441141	1896	0.000000
281474976710655.000000	-9.373347	1897	0.000000
281474976710655.000000	-9.576005	1898	0.000000
281474976710655.000000	-9.149928	1899	0.000000
281474976710655.000000	-9.609183	1900	0.000000
281474976710655.000000	-9.421700	1901	0.000000
281474976710655.000000	-9.337773	1902	0.000000
281474976710655.000000	-9.163901	1903	0.000000
281474976710655.000000	-9.543281	1904	0.000000
281474976710655.000000	-9.138341	1905	0.000000
281474976710655.000000	-9.349762	1906	0.000000
281474976710655.000000	-9.230878	1907	0.000000
281474976710655.000000	-9.169484	1908	0.000000
281474976710655.000000	-9.201999	1909	0.000000
281474976710655.000000	-9.388743	1910	0.000000
281474976710655.000000	-9.215570	1911	0.000000
281474976710655.000000	-9.419984	1912	0.000000
281474976710655.000000	-9.146388	1913	0.000000
281474976710655.000000	-9.157172	1914	0.000000
281474976710655.000000	-9.272157	1915	0.000000
281474976710655.000000	-9.204656	1916	0.000000
281474976710655.000000	-9.210075	1917	0.000000
281474976710655.000000	-9.273860	1918	0.000000
281474976710655.000000	-8.966125	1919	0.000000
281474976710655.000000	-9.121196	1920	0.000000
281474976710655.000000	-9.124273	1921	0.000000
281474976710655.000000	-9.337401	1922	0.000000
281474976710655.000000	-8.973149	1923	0.000000
281474976710655.000000	-8.998764	1924	0.000000
281474976710655.000000	-8.969069	1925	0.000000
281474976710655.000000	-9.129766	1926	0.000000
281474976710655.000000	-8.975299	1927	0.000000
281474976710655.000000	-9.035906	1928	0.000000
281474976710655.000000	-8.941290	1929	0.000000
281474976710655.000000	-9.154361	1930	0.000000
281474976710655.000000	-8.853576	1931	0.000000
281474976710655.000000	-8.938495	1932	0.000000
281474976710655.000000	-8.981013	1933	0.000000
281474976710655.000000	-8.831266	1934	0.000000
281474976710655.000000	-9.078300	1935	0.000000
281474976710655.000000	-9.083462	1936	0.000000
281474976710655.000000	-8.839940	1937	0.000000
281474976710655.000000	-8.990560	1938	0.000000
281474976710655.000000	-8.886765	1939	0.000000
281474976710655.000000	-8.885683	1940	0.000000
281474976710655.000000	-8.800875	1941	0.000000
281474976710655.000000	-8.947059	1942	0.000000
281474976710655.000000	-8.791768	1943	0.000000
281474976710655.000000	-8.837968	1944	0.000000
281474976710655.000000	-8.887590	1945	0.000000
281474976710655.000000	-8.948331	1946	0.000000
281474976710655.000000	-8.790691	1947	0.000000
281474976710655.000000	-8.818742	1948	0.000000
281474976710655.000000	-8.815886	1949	0.000000
281474976710655.000000	-8.656787	1950	0.000000
281474976710655.000000	-8.639445	1951	0.000000
281474976710655.000000	-8.748724	1952	0.000000
281474976710655.000000	-8.715938	1953	0.000000
281474976710655.000000	-8.818915	1954	0.000000
281474976710655.000000	-8.718393	1955	0.000000
281474976710655.000000	-8.749610	1956	0.000000
281474976710655.000000	-8.685361	1957	0.000000
281474976710655.000000	-8.831719	1958	0.000000
281474976710655.000000	-8.667239	1959	0.000000
281474976710655.000000	-8.591574	1960	0.000000
281474976710655.000000	-8.697252	1961	0.000000
281474976710655.000000	-8.621610	1962	0.000000
281474976710655.000000	-8.506223	1963	0.000000
281474976710655.000000	-8.779274	1964	0.000000
281474976710655.000000	-8.503224	1965	0.000000
281474976710655.000000	-8.622349	1966	0.000000
281474976710655.000000	-8.428038	1967	0.000000
281474976710655.000000	-8.606025	1968	0.000000
281474976710655.000000	-8.517276	1969	0.000000
281474976710655.000000	-8.591403	1970	0.000000
281474976710655.000000	-8.617294	1971	0.000000
281474976710655.000000	-8.545014	1972	0.000000
281474976710655.000000	-8.419695	1973	0.000000
281474976710655.000000	-8.513213	1974	0.000000
281474976710655.000000	-8.399377	1975	0.000000
281474976710655.000000	-8.433528	1976	0.000000
281474976710655.000000	-8.390532	1977	0.000000
281474976710655.000000	-8.523422	1978	0.000000
281474976710655.000000	-8.399037	1979	0.000000
281474976710655.000000	-8.309210	1980	0.000000
281474976710655.000000	-8.267295	1981	0.000000
281474976710655.000000	-8.479014	1982	0.000000
281474976710655.000000	-8.257068	1983	0.000000
281474976710655.000000	-8.309028	1984	0.000000
281474976710655.000000	-8.265697	1985	0.000000
281474976710655.000000	-8.477597	1986	0.000000
281474976710655.000000	-8.413399	1987	0.000000
281474976710655.000000	-8.549816	1988	0.000000
281474976710655.000000	-8.234201	1989	0.000000
281474976710655.000000	-8.435143	1990	0.000000
281474976710655.000000	-8.158289	1991	0.000000
281474976710655.000000	-8.208937	1992	0.000000
281474976710655.000000	-8.142811	1993	0.000000
281474976710655.000000	-8.320518	1994	0.000000
281474976710655.000000	-8.174415	1995	0.000000
281474976710655.000000	-8.194199	1996	0.000000
281474976710655.000000	-8.094422	1997	0.000000
281474976710655.000000	-8.362661	1998	0.000000
281474976710655.000000	-8.052788	1999	0.000000
281474976710655.000000	-8.329494	2000	0.000000
281474976710655.000000	-8.177847	2001	0.000000
281474976710655.000000	-8.318119	2002	0.000000
281474976710655.000000	-8.154987	2003	0.000000
281474976710655.000000	-8.226694	2004	0.000000
281474976710655.000000	-8.131474	2005	0.000000
281474976710655.000000	-8.217409	2006	0.000000
281474976710655.000000	-7.975821	2007	0.000000
281474976710655.000000	-8.180111	2008	0.000000
281474976710655.000000	-8.140492	2009	0.000000
281474976710655.000000	-8.283029	2010	0.000000
281474976710655.000000	-8.067570	2011	0.000000
281474976710655.000000	-8.129824	2012	0.000000
281474976710655.000000	-7.975489	2013	0.000000
281474976710655.000000	-8.121372	2014	0.000000
